806 Indices.

47. 50. 51. 54. 56. 63. 91. 108 15. Apr. 12. Mai. 112. 139. 140. 151. 157. 182. 192. ’
205. 206. 207. 212. 229. 230. 240. 244. 327. 467. 499. 547 not2. 842. 843. 903. ⁴
915. 921. 922. 928. 932. 948. 951. 963. 974. 984. 986. 989. ¹

1005. 1010. 1011. 1016. 1029. 1030.1033. 1037. 1048. 1059. 1079. 1098. 11521167. ·
1168. 1321. 1330. 1353. 136281). 1374. 1389. 1418. 1434. 1441.1454.1455. 1467.
1486. 1506. 1514. 1517. 1519. 1598. 1603. 1620. 1644. 1655. 1675. 1689. 1690.
1692. 1731. 1733. 1752. 1772. 1791. 1812. 1854. 1876. 1914. 1933. 1937. 1943.
1944. 1945. 1947. 1968. 1971. ·

2009. 2130. 2157. 2228. 2267. 2284. 2373. 2405. 2506. 2534. 2537. 2574. 2672. 2697. μ
2701. 2709. 2722. 2730. 2736. 2825. 2867. 2868. 2888. 2906. ’

3062. 3067. 3151. 3153. 3184. 3195. 3221. 3248. 3274. 3284. 3338. 3341 (au. ο. 650).
3355. 3399. 3401. 3414. 3452. 3511. 3520. 3533. 3584. 3593. 3601. 3614. 3690 (err. ⁴
cyp. 3688). 3732. 3733. 3783. 3789. 3852. 3864. 3875. 3919 . 2

4033. 4052. 4056. 4089 (⁶2). 4098. 4129. 4134. 4171. 4213. 4288. 4364. 4375. 4422.
4502. 4549, 4569. 4706. 4771. 4843. 4846. 4863. 4924. 4930. 4972. 4976. 49908. ⁴
4992. 4999. - =

5028. 5033. 5034. 5043. 5050115. 5050 Β. 5054. 5088. 5091. 5097. 5126. 5145. 5173,
5178. 5181 ὃ. 5201. 5213. 5232. 5236. 5257. 5258. 5280. 5285. 5381. 5389. 5398.

      
       

5409. 5416. 5426. 5445. 5450. 5456. 5462. 5486. 5493. 5645. 5674. 5679. 5680. ..
5723. 5724. 5761. 5768. 5797. 5902. 5914. 5919. 5942.
6000. 6033. 6048. 6052. 6067. 6101. 6105. 6106. 6107. 6126. 6146. 6213. 6215. 6219. ’
6239. 6266. 6297. 6299. 6312. 6328. 6328 a. 6330. 6331. 6338. 6339. 6344. 6352.
6362 a. 6377. 6383. 6384. 6386. 6394. 6407 b. 64081‘. 6446. 6467. 6478. 6497. 6542.
6545. 6560. 6579. 6587. 6604. 6610. 6618. 6619 ὃ. 6674. 6675 Ῑ. 6679. 6767. 6911. ’
6964 4· 5. 6. 11 eet· 6968. 6978. 6980. 6980 a, 6981. 6982. 6984. 6988. 6998. 6999-1.
7001. 7017. 7019. 7030. 7032. 7040. 7044. 7076. 7197. 7212. 7214. 7226. 7259. 7264. g
. 7355. 7358. 7361 a, 7377. 7391. 7392. 7413. 7423. 7450. 7462. 7474. 7484. 7495.
7497. 7499. 7500. 7503. 7513. 7534. 7545. 7560. 7569. 7591. 7611. 7698. 7726. ι
77333. 7736. 7739. 7752. 7770. 7783. 7785. 7834. 786011. 7889. 7898. 79028. Ι,
7906. 7914. 7919. 7921. 7931. 7954. 7977. 7987. 1
8003. 8004. 8010. 8016. 8055. 8098. 8206. 8259. 8261. 8291. 8292. 6295 a. 8343. ’μ
8346. 8378. 8393. 8394. 8396. 8432. 8449. 8470. 8480. 8490. 8512. 8513. 8524. .
8546. 8889. 8896. 8963.
9010. 9222. 9235. 9342. 9347. 9367

apices huius qeneris vetustissimi: mfirum 3341 (a. u. c. 650) Nasoni 37 (cirea q
a. u. o. 685); recentissimi: Diocletianus 547 (a. p. Chr. 253—268)
apices diphthongis impositi: atssdieula 7914 aedili (item aere, praef.) 6542, §.e-
dili (item praefecti), sed Nuceriae) 6446 aetern- 157. 7591 Caesar· 963. ,
1655. 1812. 5033 cet„ Ozies. 5091 pratis· 1321. 6542. 9010, przief. 1418. 1434. “
6446 qua6stori 1033. 2228, quaestori 9893 deae Hecatae 3274 add. filiae, ².
vivzie 1644; similia passim ’ὤ
astetion· 5599 Afig- 5445 bis. 5674 oet. afiri 1812, :iurezi 2701 anit 8394 fin.
Cauno, Caulifie 7931 Tafiro 7462
Ηθᾱοηέἱ (== Ἡδονῇῗ) 6033 Α,
apices errore positi: 5git(ator) 5280 Caesaris 5106 Camillo 2697 hfibeas‘
1610 15ῐί6615018) 3338 sacerdos 6911, εᾶοθτᾱὸίῑί 5043 nii 5054
D6mitiano 3338 inch6atum 3919. 4134 16vi 3852 m6destia 5054
passzi 829311 17 respublica 6767 Secunda 1655 q
compatior& 8524 (apex formae insolitae) quoque 986 felicitfzr 2609 ad-
ffirm]ar(38 83931146 cinersss 7987 p[ara]r‹§s 8393Π45 ”“

